
1460
1503
1109
1289
1271
1247
1197
1344
1097
1246
1246
1063
1183
1226
1312
1166
1228
1382
1335
1312
1429
1415
1385
1365
1361
1278
1443
1524
1483
1404
1450
1517
1324
1533
1622
1564
1244
1456
1534
1689
1641
1588
1614
1639
1763
1779
1622
1491
1603
1820
1517
1448
1467
1550
1562
1569
1455
1524
1486
1484
1361
1433
1423
1438
1478
1488
1529
1432
1482
1452
1460
1656
1370
1378
1394
1352
1265
1194
1086
1119
1046
843
961
990
1067
1123
1056
1091
1304
1248
1364
1407
1421
1491
1538
1308
1380
1520
1466
1554
1408
1405
1512
1495
1556
1569
1630
1548
1769
1705
1561
1524
1583
1528
1368
1358
1507
1381
1229
1327
1085
1305
1319
1264
1290
1385
1517
1399
1534
1580
1647
1893
1828
1741
1910
1986
2049
2026
2083
2158
2041
2128
2182
2295
2494
2390
2334
2249
2221
2254
2252
2382
2481
2485
2421
2366
2481
2289
2365
2084
2266
2067
2123
2051
1874
1677
1724
1526
1451
1752
1555
1607
1426
1513
1316
1142
1150
1070
1026
975
1032
904
993
1005
1121
1087
1226
1260
1264
1344
1360
1321
1367
1538
1421
1395
1459
1495
1401
1550
1720
1629
1641
1804
1527
1943
2063
1892
1971
1893
2058
2020
1949
2042
2042
2142
1718
1738
2032
2197
2075
2070
2092
1996
1970
1981
2094
2044
1630
1520
1847
1748
1876
1913
1760
1778
1832
1681
1524
1498
1341
1350
1047
1051
927
1196
1269
1436
1471
1523
1510
1482
1547
1246
1306
1360
1140
1045
1041
940
911
873
837
910
843
866
931
917
1025
902
1166
1046
1144
1173
1372
1303
1586
1699
1606
1472
1776
1733
1785
1910
1710
1715
1785
1688
1897
2260
1663
1851
1774
1843
1732
1586
1698
1590
1689
1612
1711
1632
1800
1821
1680
1676
1684
1743
1676
1834
1698
1942
1972
1848
1876
1933
1854
1847
1782
1807
1687
1681
1623
1833
1774
1784
1726
1614
1628
1594
1575
1605
1695
1515
1656
1400
1271
1473
1532
1573
1421
1478
1467
1493
1492
1522
1569
1563
1621
1425
1422
1339
1331
1397
1427
1332
1279
1410
1351
1251
1551
1437
1289
1248
1212
1177
1171
1115
1110
1014
1145
969
798
965
921
1001
996
1036
1063
1049
1015
1079
1103
1079
1176
1250
1297
1099
1214
1145
1139
1226
1186
1244
1214
1227
1210
1210
1083
1258
1260
1280
1254
1300
1343
1392
1376
1533
1272
1337
1564
1465
1526
1409
1439
1450
1474
1450
1511
1455
1407
1316
1249
1267
1314
1281
1461
1416
1369
1369
1452
1431
1467
1491
1424
1516
1504
1467
1472
1557
1475
1392
1489
1370
1355
1486
1457
1492
1442
1494
1437
1390
1546
1520
1510
1566
1525
1584
1567
1540
1536
1641
1698
1614
1582
1715
1660
1792
1748
1670
1710
1553
1611
1559
1669
1648
1635
1608
1648
1708
1636
1737
1604
1626
1575
1559
1463
1541
1507
1549
1551
1532
1600
1625
1590
1649
1605
1636
1670
1567
1562
1540
1602
1568
1698
1829
1642
1592
1764
1717
1655
1633
1804
1648
1753
1788
1853
1629
1726
1643
1751
1867
1897
1833
1939
1967
2083
2057
1911
1846
1998
2003
1981
1828
2002
2024
1905
2072
1782
2042
2144
2207
1864
2061
2025
2068
2054
2095
2151
2065
2147
1994
2273
2119
1969
1821
1942
1802
1737
1650
1720
1491
1570
1649
1409
1480
1495
1490
1415
1448
1354
1330
1183
1264
1197
1037
1084
1103
1005
1013
973
1046
923
844
820
777
652
560
490
582
505
478
540
585
594
586
585
534
588
581
614
604
636
687
583
536
546
599
594
543
545
539
630
517
600
554
561
608
623
585
650
610
711
694
723
704
695
753
708
757
740
754
847
915
833
976
888
962
1010
835
930
839
880
917
850
925
1100
1002
888
944
970
1043
1007
911
1085
984
1023
1074
1001
1073
1085
886
960
1190
1079
1205
1146
1130
1224
1058
1172
1146
1092
1225
1111
1163
1148
1203
1239
1171
1068
1313
1140
1252
1193
1281
1190
1145
1160
1247
1202
1159
1175
1248
1278
1182
1309
1289
1327
1285
1354
1199
1193
1288
1238
1208
1183
1095
1244
1142
1203
1282
1303
1237
1224
1371
1285
1318
1350
1547
1589
1589
1277
938
1046
1273
1497
1376
1448
1514
1551
1661
1625
1447
1733
1569
