
203442
199261
232490
227698
242501
242963
245140
247832
227899
236491
222819
218390
209685
200876
232587
232513
245357
243498
250363
253274
226312
241050
230511
229584
215215
208237
236070
237226
251746
247868
256392
258666
233625
245556
230648
234260
218534
203677
236679
239415
253244
252145
262105
260687
237451
254048
233698
238538
222450
213709
251403
250968
257235
257383
265969
262836
243515
254496
239796
245029
224072
219970
253182
250860
262678
263816
267025
265323
242240
251419
243056
245787
233282
220711
256623
250644
263370
263782
263421
265206
245605
257939
245346
248187
233621
219232
259638
252595
267574
265374
267106
271225
245965
261423
245787
240281
232920
221336
252343
252088
261466
257484
261600
260609
239607
255848
236465
241742
225529
217643
249741
251374
258276
258395
264472
260297
241970
252209
237264
239593
220839
210635
254238
253936
256927
260083
265315
263837
244682
256395
239579
240800
223790
213463
253124
249578
254083
258350
260175
260526
242062
251906
238535
244810
227527
218196
256166
249394
260774
260376
260244
264379
238867
253574
240361
238709
229419
215803
253026
252064
263406
259980
263946
268061
242536
258748
240055
241237
226413
213949
253424
256736
266237
263459
270053
268831
247688
265144
241451
252271
233498
217220
258017
262817
270839
270574
278372
272209
255090
268469
248843
259424
239679
223011
265147
269653
277972
276991
285160
279213
262039
275610
255154
264778
242600
225644
268343
272864
281264
280290
288566
282558
265212
278888
258159
267958
244736
227759
270705
275127
283713
282648
290989
284989
267434
281382
260473
270370
246517
229346
272537
276976
285544
284145
292910
286532
269038
282914
261644
272189
251679
